woods1.png
woods1obj.png
10 
10
0 255 255 1 0 255 255 1 0 255 255 1 0 255 255 1 0 255 255 1 0 255 255 1 0 255 255 1 0 255 255 1 0 255 255 1 0 255 255 1 
0 255 255 1 0 255 255 1 0 255 255 1 0 255 255 1 0 255 255 1 0 255 255 1 0 255 255 1 0 255 255 1 0 255 255 1 0 255 255 1 
0 255 255 1 0 255 255 1 0 255 255 1 0 255 255 1 0 255 255 1 0 255 255 1 0 255 255 1 0 255 255 1 0 255 255 1 0 255 255 1 
0 255 255 1 0 255 255 1 0 255 255 1 0 255 255 1 0 255 255 1 0 255 255 1 0 255 255 1 0 255 255 1 0 255 255 1 0 255 255 1 
0 255 255 1 0 255 255 1 0 255 255 1 0 255 255 1 0 255 255 1 0 255 255 1 0 255 255 1 0 255 255 1 0 255 255 1 0 255 255 1 
0 255 255 1 0 255 255 1 0 255 255 1 0 255 255 1 0 255 255 1 0 255 255 1 0 255 255 1 0 255 255 1 0 255 255 1 0 255 255 1 
0 255 255 1 0 255 255 1 0 255 255 1 0 255 255 1 0 255 255 1 0 255 255 1 0 255 255 1 0 255 255 1 0 255 255 1 0 255 255 1 
0 255 255 1 0 255 255 1 0 255 255 1 0 255 255 1 0 255 255 1 0 255 255 1 0 255 255 1 0 255 255 1 0 255 255 1 0 255 255 1 
0 255 255 1 0 255 255 1 0 255 255 1 0 255 255 1 0 255 255 1 0 255 255 1 0 255 255 1 0 255 255 1 0 255 255 1 0 255 255 1 
0 255 255 1 0 255 255 1 0 255 255 1 0 255 255 1 0 255 255 1 0 255 255 1 0 255 255 1 0 255 255 1 0 255 255 1 0 255 255 1 
